BPE_x       BPE_y       BPE_z       RPE_x       RPE_y       
-1.01716    -1.78033    -0.109047   333.106     244.397     
-1.21271    -1.11585    0.0238217   184.747     258.905     
-1.26753    -1.08501    0.0347686   176.974     267.605     
-1.27126    -1.0204     0.0626123   163.048     266.591     
-1.28866    -0.935747   0.0649042   143.337     267.691     
-1.3128     -0.837477   0.0510102   121.547     268.909     
-1.37316    -0.759324   0.0283892   103.621     276.95      
-1.42217    -0.691799   0.0127637   88.9881     283.18      
-1.59068    -0.478103   0.00380452  35.9438     311.773     
-1.47678    -0.524179   -0.00053295251.3144     293.267     
-1.46382    -0.580124   0.00036417  63.8566     293.091     
-1.456      -0.675477   0.000705153 85.7798     295.147     
-1.448      -0.709254   -0.00344415 91.951      295.26      
-1.45846    -0.721001   0.000724346 94.45       297.652     
-1.44557    -0.715944   0.00559004  94.8988     295.04      
-1.42104    -0.733379   0.00504393  101.54      291.404     
-1.4135     -0.754917   0.00240134  106.537     290.72      
-1.39523    -0.754843   0.00318853  106.408     287.857     
-1.34511    -0.766968   -0.00201798 111.919     278.909     
-1.35311    -0.780359   -0.000762611116.377     280.631     
-1.37496    -0.767451   -0.0023912  114.499     283.764     
-1.37107    -0.756696   -0.00142267 112.441     283.049     
-1.38907    -0.753672   -0.00163623 112.34      286.584     
-1.39691    -0.752937   -0.000627985111.883     288.229     
-1.40026    -0.743214   -0.0014717  109.077     288.751     
-1.40951    -0.741803   -0.00344453 109.106     290.198     
-1.38225    -0.745533   -0.00476247 112.392     284.822     
-1.38415    -0.731877   -0.000620647110.15      285.074     
-1.38362    -0.73348    -0.00216658 111.196     284.661     
-1.40512    -0.719823   -0.00396051 106.884     288.573     
-1.3614     -0.714115   -0.00278613 104.506     281.307     
-1.35594    -0.710421   0.00172936  104.609     280.389     
-1.36287    -0.694504   -0.00239432 100.829     280.897     
-1.32467    -0.681659   0.00320511  99.6467     273.91      
-1.34498    -0.679921   -0.00179185 99.1426     277.461     
-1.3441     -0.673989   -0.00073226899.0557     277.098     
-1.34672    -0.674307   -0.00274038 99.3449     277.509     
-1.35106    -0.659763   -0.00256373 96.3426     278.003     
-1.33239    -0.671923   -0.00406438 99.8258     274.929     
-1.30973    -0.659771   -0.00021704697.9139     270.616     
-1.31344    -0.665522   -0.00158943 99.3936     271.729     
-1.2969     -0.643966   0.00283954  95.6396     268.107     
-1.32284    -0.653594   -0.00311721 96.8721     273.773     
-1.32525    -0.656243   -0.00244868 96.7025     274.413     
-1.33265    -0.649551   -0.00385153 94.6602     275.608     
-1.35676    -0.658253   -0.0054602  95.475      280.835     
-1.35872    -0.658004   -0.00625302 95.493      281.447     
-1.33957    -0.650539   -0.00244433 95.1271     277.997     
-1.34511    -0.649467   -0.00288193 95.6641     278.963     
-1.3679     -0.650819   -0.00550659 95.1956     283.357     
-1.34872    -0.647966   -0.0039201  95.4251     279.831     
-1.34572    -0.646052   -0.00179788 94.7286     279.443     
-1.34771    -0.642274   -0.00076332793.3145     279.975     
-1.35271    -0.644751   -0.00199643 93.3662     281.158     
-1.33935    -0.652609   -0.00047789894.8703     279.27      
-1.36058    -0.660475   -0.00257461 95.9906     283.468     
-1.35835    -0.659526   -0.00287008 96.4371     282.789     
-1.34754    -0.660454   -0.00263074 97.4395     280.885     
-1.35208    -0.655272   -0.00137977 96.5177     281.854     
-1.31049    -0.654403   0.00246662  98.3354     274.174     
-1.33233    -0.659915   -0.00028824 99.6382     278.475     
-1.33747    -0.658472   -0.00141493 99.1526     279.539     
-1.34821    -0.671165   -0.00198453 102.341     282.009     
-1.3609     -0.662384   -0.00420531 100.114     284.037     
-1.33967    -0.668192   -0.00154974 102.151     280.41      
-1.36658    -0.685718   -0.00155662 105.772     286.171     
-1.39726    -0.684296   -0.00513733 104.029     291.953     
-1.39681    -0.685932   -0.00521649 103.828     292.203     
-1.43817    -0.703223   -0.00852566 105.522     301.074     
-1.40961    -0.701908   -0.00560089 106.975     295.944     
-1.4246     -0.697873   -0.00397168 106.486     298.825     
-1.45224    -0.722218   -0.00796901 111.436     304.57      
-1.42664    -0.710659   -0.00642182 109.815     299.421     
-1.42556    -0.72601    -0.00562577 113.955     299.761     
-1.42206    -0.726051   -0.00477387 114.721     299.186     
-1.42812    -0.733156   -0.00646348 115.792     300.673     
-1.4263     -0.73523    -0.00586392 116.286     300.521     
-1.44454    -0.73251    -0.00821436 116.009     303.777     
-1.44111    -0.731883   -0.00783634 115.549     303.511     
-1.43103    -0.726315   -0.00686893 115.47      301.538     
-1.41289    -0.719819   -0.00600279 114.307     298.12      
-1.42119    -0.731838   -0.00714879 116.066     300.203     
-1.41281    -0.719622   -0.00567779 113.159     298.619     
-1.38151    -0.715056   -0.0037905  112.869     292.818     
-1.33604    -0.696784   -0.000636753110.446     283.981     
-1.31037    -0.692738   0.000451992 112.484     279.164     
-1.33877    -0.717451   -0.00388419 117.085     285.45      
-1.32652    -0.700013   -0.00279896 113.467     282.66      
-1.33856    -0.707287   -0.00317663 114.956     285.787     
-1.33968    -0.699516   -0.00145286 112.866     286.103     
-1.32714    -0.689592   -0.000605845110.814     283.634     
-1.34533    -0.694203   -0.000181782111.458     287.443     
-1.34469    -0.692977   -0.00231318 110.904     287.269     
-1.34268    -0.672685   -0.000631696105.934     286.623     
-1.3961     -0.686966   -0.00227338 108.325     297.97      
-1.38305    -0.689326   -0.00103846 109.238     295.62      
-1.41664    -0.6898     -0.00301688 108.227     302.194     
-1.40278    -0.695546   0.00153323  108.963     300.911     
-1.42451    -0.69216    0.00134004  107.744     305.04      
-1.40963    -0.692658   0.000813114 109.025     301.915     
-1.39584    -0.686409   0.00545545  107.716     299.533     
-1.38425    -0.691872   0.00828872  108.179     297.973     
-1.41007    -0.704719   0.00163198  108.921     303.464     
-1.40537    -0.699776   -0.00340435 107.469     302.04      
-1.34283    -0.679239   0.0109082   104.377     290.128     
-1.34721    -0.689255   0.0123314   106.138     291.616     
-1.34614    -0.692914   0.00458093  107.348     290.919     
-1.30852    -0.665471   0.0155777   103.237     282.97      
-1.31578    -0.681459   0.00878277  105.394     284.935     
-1.28617    -0.666205   0.0164824   101.734     279.286     
-1.30653    -0.682061   0.0145093   104.176     283.901     
-1.30399    -0.677243   0.00990899  102.701     283.089     
-1.31094    -0.68249    0.01029     103.216     284.891     
-1.42665    -0.717913   -0.00446519 106.979     308.028     
-1.44364    -0.730491   -0.00542038 108.994     311.809     
-1.45315    -0.724739   -0.00456075 107.318     313.502     
-1.44597    -0.724031   -0.00344272 107.212     312.447     
-1.45076    -0.72192    -0.000147425106.634     313.825     
-1.45785    -0.728038   0.000705383 108.281     315.635     
-1.47822    -0.739826   -0.00226264 110.762     319.757     
-1.46672    -0.741417   0.0024054   112.357     317.723     
-1.4634     -0.736082   0.00614975  112.073     316.972     
-1.50657    -0.751285   0.00237713  113.855     325.871     
-1.54344    -0.761603   -0.00088269 115.915     332.92      
-1.62674    -0.797941   -0.00213839 122.955     350.451     
-1.65012    -0.790648   -0.00373853 120.088     354.592     
-1.63229    -0.790954   -0.00677484 119.729     351.294     
-1.61803    -0.796883   -0.00262776 121.089     349.299     
-1.63164    -0.816065   -0.00529678 125.186     352.453     
-1.64614    -0.81431    -0.00351007 124.882     355.132     
-1.66781    -0.814121   -0.00165443 124.694     359.264     
-1.61698    -0.804649   0.00262921  124.02      349.429     
-1.61934    -0.818146   0.00163717  127.754     350.124     
-1.61666    -0.804706   0.00430487  126.086     348.554     
-1.59615    -0.799658   0.00763366  127.723     344.221     
-1.64294    -0.81043    -0.00221016 128.918     352.881     
-1.61131    -0.799965   -0.00010886 127.338     346.962     
-1.64021    -0.800365   0.000931507 126.737     352.3       
-1.65235    -0.787124   -0.00245081 122.863     354.21      
-1.64896    -0.798567   -0.00634118 124.457     353.828     
-1.66395    -0.798162   -0.0033232  123.692     356.769     
-1.67452    -0.788798   -0.00336767 122.288     358.67      
-1.71204    -0.782913   -0.00424058 120.923     365.26      
-1.69485    -0.779786   -0.00284543 121.546     361.782     
-1.714      -0.773909   -0.00162525 120.136     365.478     
-1.72244    -0.766262   -0.00143425 118.042     366.892     
-1.7248     -0.782601   -0.00297642 120.464     367.939     
-1.72002    -0.754086   0.0025106   113.748     366.447     
-1.72381    -0.771379   -0.00109893 117.655     367.688     
-1.72978    -0.776076   -0.00270025 119.395     368.732     
-1.7357     -0.773963   -0.000368797118.957     369.75      
-1.73222    -0.769668   0.00291663  117.422     368.843     
-1.72068    -0.770012   0.00114949  117.358     366.802     
-1.7167     -0.774306   -0.001764   118.55      366.114     
-1.74374    -0.778721   -0.00423844 118.791     371.156     
-1.72275    -0.775104   -0.0030731  119.037     366.969     
-1.74209    -0.771464   -0.00531047 118.226     370.066     
-1.73076    -0.774635   -0.00707433 119.929     367.36      
-1.73274    -0.767028   -0.00442912 120.301     366.966     
-1.72829    -0.768117   -0.00258886 121.003     365.815     
-1.72622    -0.761801   -0.000516676119.017     365.493     
-1.73249    -0.755694   -0.000710463116.301     366.892     
-1.73834    -0.752345   -0.000615269114.298     368.176     
-1.76543    -0.753144   -0.0023084  113.112     373.596     
-1.74358    -0.756507   -0.00356769 114.329     369.478     
-1.73352    -0.755465   -0.0029265  114.494     367.72      
-1.70365    -0.760967   0.000577687 116.432     362.244     
-1.69915    -0.756611   0.00230327  114.872     361.428     
-1.68205    -0.75403    -0.00101303 114.231     357.997     
-1.64563    -0.762478   0.00120429  117.574     351.4       
-1.65858    -0.779046   0.000242391 120.774     354.46      
-1.63279    -0.774001   -0.00123009 120.733     349.192     
-1.63157    -0.774804   -0.000519987121.418     349.02      
-1.64274    -0.776476   -0.00440071 122.814     350.738     
-1.6476     -0.777941   -0.00244563 123.89      351.549     
-1.6377     -0.767905   -0.00339321 122.176     349.139     
-1.62471    -0.766554   -0.000156927122.663     346.72      
-1.6193     -0.764614   -0.000924006122.28      345.669     
-1.60946    -0.758162   0.00200496  120.671     344.043     
-1.6136     -0.751454   -0.000745016118.5       344.682     
-1.61911    -0.754115   0.000599022 117.372     346.134     
-1.60853    -0.761345   -0.000729656119.356     344.046     
-1.61391    -0.745755   0.00371995  115.016     344.965     
-1.63883    -0.741273   5.27676e-06 112.826     349.837     
-1.65119    -0.755529   -0.00205581 116.025     352.281     
-1.66499    -0.750771   -0.00169169 114.957     354.606     
-1.63725    -0.750398   0.00124132  115.944     349.334     
-1.67918    -0.757435   -7.82011e-05116.574     357.733     
-1.66272    -0.759023   -0.00240779 117.445     354.349     
-1.66582    -0.75968    -6.88104e-05117.777     355.281     
-1.67781    -0.766034   -0.000378148119.494     357.658     
-1.66007    -0.761225   0.000159429 119.708     354.076     
-1.64042    -0.756849   0.00942233  120.06      350.51      
-1.66365    -0.751517   0.00219498  118.028     354.735     
-1.66247    -0.768796   -0.000991897121.526     354.84      
-1.66696    -0.764107   -0.00183351 119.239     356.076     
-1.6477     -0.753243   0.000930876 116.526     352.596     
-1.6508     -0.749212   -0.000591571115.168     353.059     
-1.65068    -0.740062   -0.00230904 112.636     352.775     
-1.63406    -0.745946   0.000161826 114.509     349.833     
-1.66045    -0.737885   0.000849791 111.847     354.648     
-1.6408     -0.733006   -0.00149535 111.973     350.266     
-1.62791    -0.732479   0.00222491  112.848     347.987     
-1.59817    -0.731092   0.00567354  114.154     342.045     
-1.61033    -0.735242   0.00297085  115.012     344.164     
-1.60051    -0.731257   0.00188123  114.059     342.047     
-1.59705    -0.725893   0.0025011   112.16      341.45      
-1.59156    -0.723205   0.00344732  111.254     340.384     
-1.58056    -0.722134   0.00219146  111.291     338.196     
-1.58587    -0.743433   0.00235176  116.433     339.822     
-1.58549    -0.729674   0.00340303  113.422     339.278     
-1.58949    -0.734923   0.00215913  114.254     340.345     
-1.59974    -0.734692   -0.00194195 112.986     342.459     
-1.59461    -0.742584   -0.00219863 113.934     342.066     
-1.61703    -0.742734   -0.00267457 112.788     346.545     
-1.60565    -0.738783   -0.00227856 111.706     344.24      
-1.60198    -0.731277   -0.0021842  110.17      343.357     
-1.62673    -0.740457   -0.00548936 111.759     347.934     
-1.60614    -0.724504   -0.00332001 108.779     343.514     
-1.61571    -0.722196   -0.000430424107.884     345.74      
-1.60522    -0.719265   -8.52487e-05108.036     343.372     
-1.60125    -0.705212   0.00176402  105.475     342.171     
-1.60301    -0.707513   0.00193164  106.303     342.537     
-1.61039    -0.696619   -0.0016777  103.084     343.274     
-1.60901    -0.694047   -0.000759797102.186     343.186     
-1.59264    -0.698204   -0.00118531 103.065     340.188     
-1.58293    -0.682539   0.000616667 99.2856     337.956     
-1.54795    -0.671179   0.0085812   97.4572     331.386     
-1.58186    -0.681072   0.00339052  97.9328     338.09      
-1.57455    -0.672807   0.000686944 95.5568     336.259     
-1.53433    -0.670702   0.0127922   96.4471     329.23      
-1.60818    -0.686833   -0.00298868 98.4082     342.822     
-1.57825    -0.68476    0.00171329  98.5767     337.265     
-1.62553    -0.698291   -0.00506794 99.9808     346.296     
-1.59557    -0.702186   0.000307284 101.352     341.015     
-1.59181    -0.703691   0.0046289   101.676     340.764     
-1.56883    -0.720213   0.00710002  106.435     336.913     
-1.57991    -0.719319   0.00980902  105.393     339.401     
-1.5753     -0.725048   0.0081125   106.267     338.681     
-1.54681    -0.737695   0.0119812   110.094     333.742     
-1.56134    -0.742904   0.0104288   110.707     336.614     
-1.57673    -0.743089   0.00562427  109.794     339.527     
-1.59704    -0.761671   0.000540595 113.113     343.79      
-1.6421     -0.783374   -0.00190765 117.168     353.191     
-1.63028    -0.811875   0.00344826  123.406     352.3       
-1.66095    -0.819865   0.00335534  123.863     358.633     
-1.65592    -0.829049   -0.00543844 124.832     358.141     
-1.64412    -0.845945   0.00354364  130.337     356.893     
-1.61223    -0.856828   -0.00264317 134.525     350.88      
-1.5855     -0.851863   0.00670977  134.98      345.702     
-1.58325    -0.859515   -8.15109e-05136.75      345.191     
-1.56605    -0.882115   0.000123038 142.954     342.133     
-1.55037    -0.866934   0.0037921   140.107     338.827     
-1.55162    -0.880805   -0.00257596 143.433     338.903     
-1.53401    -0.875665   0.00272936  143.258     335.531     
-1.56927    -0.906804   -0.00186574 150.707     343.028     
-1.57354    -0.885481   0.00056475  146.17      342.954     
-1.59337    -0.892421   -0.00147418 148.088     346.931     
-1.566      -0.906328   -0.00224314 153.283     341.553     
-1.56213    -0.910361   0.00623917  155.342     341.346     
-1.56574    -0.905866   0.0053287   155.276     341.52      
-1.55152    -0.902357   0.00386934  155.527     339.073     
-1.57109    -0.909899   0.00022345  157.343     342.639     
-1.54419    -0.900576   0.00278022  155.744     337.284     
-1.53168    -0.890645   0.00884504  153.166     335.083     
-1.54656    -0.887823   0.0069862   151.189     338.268     
-1.5409     -0.891087   0.0075153   151.363     337.436     
-1.54742    -0.871694   0.00702498  146.15      338.525     
-1.54848    -0.87405    0.00409655  146.406     339.029     
-1.53954    -0.869511   0.00793984  145.57      337.73      
-1.55538    -0.87828    0.00920491  147.435     341.172     
-1.56354    -0.871867   0.00850542  146.619     342.25      
-1.57126    -0.866715   0.00454289  145.796     343.618     
-1.56622    -0.873108   0.00516468  147.469     342.969     
-1.55844    -0.863728   0.0102217   145.326     341.651     
-1.57209    -0.864459   0.00544611  144.723     344.411     
-1.54601    -0.870264   0.010395    146.742     339.62      
-1.55015    -0.866265   0.0141706   145.332     340.521     
-1.53502    -0.863192   0.0145303   144.699     337.709     
-1.53384    -0.866459   0.0171741   145.176     337.785     
-1.55773    -0.867717   0.0106386   144.198     342.396     
-1.54215    -0.87068    0.0104631   144.554     339.701     
-1.53099    -0.867928   0.0143695   143.69      337.799     
-1.53883    -0.865854   0.0114935   142.621     339.207     
-1.53367    -0.863669   0.0128792   141.851     338.524     
-1.51997    -0.860805   0.0138017   141.213     336.183     
-1.53228    -0.861682   0.0116381   140.786     338.774     
-1.53726    -0.86011    0.00908503  140.202     339.673     
-1.54545    -0.861342   0.00790226  140.707     341.149     
-1.55535    -0.855181   0.00482728  139.527     342.527     
-1.55058    -0.856169   0.00530905  140.51      341.568     
-1.55974    -0.847347   0.00594701  138.336     343.361     
-1.56294    -0.842605   0.00636556  137.412     343.986     
-1.56498    -0.835736   0.00478989  136.197     344.139     
-1.54463    -0.823543   0.00766575  133.775     340.146     
-1.54002    -0.825801   0.00831945  134.547     339.395     
-1.54431    -0.81576    0.00580723  132.267     339.78      
-1.5464     -0.81944    0.00504322  133.296     340.154     
-1.53269    -0.807918   0.0104033   131.22      337.247     
-1.53471    -0.808433   0.00902578  131.178     337.641     
-1.53857    -0.816917   0.00859679  132.559     338.754     
-1.52457    -0.812887   0.010842    132.299     336.099     
-1.54849    -0.824046   0.00780624  134.452     341.107     
-1.55397    -0.823993   0.00617562  134.341     342.225     
-1.52565    -0.831408   0.0103685   137.406     337.123     
-1.55008    -0.839364   0.00959463  139.214     342.227     
-1.5625     -0.840303   0.00627566  139.771     344.262     
-1.56326    -0.839273   0.00791979  140.242     344.188     
-1.56304    -0.841102   0.00559427  141.742     343.802     
-1.57226    -0.851645   0.00763588  144.696     345.998     
-1.60101    -0.852089   0.00402294  143.195     351.523     
-1.58366    -0.840293   0.00837633  140.067     348.266     
-1.61502    -0.840542   0.00343906  138.178     354.552     
-1.60527    -0.835833   0.00288209  136.264     352.846     
-1.60303    -0.833553   0.00570909  135.57      352.678     
-1.60852    -0.829183   0.00236674  134.27      353.508     
-1.5805     -0.819559   0.00526812  131.991     348.335     
-1.56218    -0.80651    0.0118513   129.17      345.112     
-1.5721     -0.812997   0.00970672  129.637     347.406     
-1.58706    -0.811249   0.00578676  127.871     350.299     
-1.5891     -0.800146   0.00405685  124.954     350.328     
-1.58683    -0.804522   0.00513493  126.296     350.096     
-1.63824    -0.811771   0.00312746  127.061     360.115     
-1.66815    -0.823477   0.000160646 129.202     366.159     
-1.6979     -0.828654   -0.000508134129.74      372.206     
-1.67419    -0.824478   0.00282469  129.909     367.666     
-1.70633    -0.831945   -0.00243745 130.913     374.106     
-1.7011     -0.824738   -0.000893314129.89      373.064     
-1.69973    -0.824685   -0.000630956130.339     372.864     
-1.71119    -0.819337   0.0002475   129.141     374.842     
-1.69074    -0.817149   0.00230011  129.983     370.76      
-1.71947    -0.807885   -0.000273363126.743     376.221     
-1.71466    -0.807827   -0.00359717 126.466     375.124     
-1.72456    -0.799175   -0.00267102 124.084     377.206     
-1.7199     -0.812057   -0.00340036 128.093     376.384     
-1.66451    -0.774206   0.0118536   122.399     365.27      
-1.67141    -0.787794   0.00890653  125.744     366.731     
-1.65452    -0.784463   0.0107922   124.838     363.252     
-1.64552    -0.771338   0.0113658   121.272     361.315     
-1.64357    -0.790775   0.0122618   125.676     361.766     
-1.67369    -0.80461    0.0101358   127.482     368.009     
-1.67765    -0.812036   0.00701763  128.358     369.035     
-1.6523     -0.821891   0.0127988   130.871     365.048     
-1.70662    -0.838519   0.00525126  132.556     376.011     
-1.71187    -0.843872   0.00368854  133.379     376.986     
-1.67771    -0.848679   0.00926654  136.224     370.915     
-1.70765    -0.861428   0.00985088  139.358     376.815     
-1.72511    -0.858441   0.00459391  138.983     379.763     
-1.70117    -0.876559   0.00717977  143.923     375.831     
-1.71538    -0.872978   0.0147163   141.501     379.265     
-1.72133    -0.870457   0.00920545  139.919     380.461     
-1.73628    -0.878945   0.00359569  141.446     383.652     
-1.75797    -0.897548   0.00209333  145.083     388.41      
-1.7921     -0.89933    -0.00113703 140.174     396.38      
-1.82231    -0.889213   -0.00392885 135.975     402.09      
-1.80662    -0.888456   -0.00601429 136.489     399.073     
-1.7869     -0.891243   -0.00411755 138.162     395.338     
-1.7681     -0.881421   0.000341972 137.689     391.098     
-1.75209    -0.877413   0.00511453  137.687     388.071     
-1.74668    -0.869349   0.00659035  135.793     386.813     
-1.73421    -0.867525   0.00589815  135.052     384.505     
-1.7422     -0.881845   0.00521471  137.768     386.624     
-1.7326     -0.878619   0.00898895  137.274     384.72      
-1.73231    -0.871572   0.00769201  135.549     384.548     
-1.72579    -0.889688   0.00449855  139.908     383.607     
-1.71707    -0.897774   0.00663959  142.668     382.04      
-1.72475    -0.882056   0.00592915  139.332     383.016     
-1.71793    -0.890346   0.00294434  142.832     381.518     
-1.69706    -0.891791   0.00508803  144.769     377.327     
-1.70284    -0.903059   0.0074379   147.803     378.901     
-1.71929    -0.898347   0.00436712  146.852     381.601     
-1.70518    -0.901128   0.00379062  147.46      379.386     
-1.70616    -0.900528   0.00281174  146.812     379.987     
-1.72859    -0.909747   0.00164038  147.934     384.846     
-1.74098    -0.905351   -0.0012385  146.291     386.995     
-1.74729    -0.90936    0.00121255  147.13      388.473     
-1.76568    -0.898128   0.000316211 143.581     391.688     
-1.75059    -0.8896     0.000988117 141.367     388.826     
-1.73986    -0.876468   0.00179591  138.209     386.506     
-1.73833    -0.874475   -7.1948e-05 138.464     386.242     
-1.72284    -0.870351   0.00171141  138.016     383.059     
-1.71479    -0.858506   0.00424898  135.423     381.229     
-1.70485    -0.868348   0.00295173  138.197     379.426     
-1.68329    -0.83472    0.00562595  129.939     374.498     
-1.67167    -0.839785   0.00725266  131.208     372.643     
-1.69992    -0.844788   0.00373053  130.501     378.519     
-1.73749    -0.83895    -0.00185758 126.97      385.74      
-1.72304    -0.836368   -0.00273058 127.127     382.488     
-1.69646    -0.817908   0.000748994 125.086     376.76      
-1.73678    -0.839632   -0.00247391 130.622     385.059     
-1.73547    -0.832094   -0.00157288 129.875     383.828     
-1.72293    -0.819052   -0.00256605 127.954     380.998     
-1.71819    -0.822348   -0.00312119 129.877     380.11      
-1.71361    -0.820764   -0.00376728 130.456     378.886     
-1.70425    -0.818148   -0.00431069 131.046     376.58      
-1.68693    -0.808071   -0.000851811130.97      372.477     
-1.65389    -0.816544   0.00161141  134.952     365.933     
-1.64064    -0.798335   0.00758071  129.444     363.403     
-1.62527    -0.802421   0.00666178  130.425     360.373     
-1.64354    -0.79738    0.00531908  128.622     363.78      
-1.65548    -0.800202   -7.90828e-05128.799     366.027     
-1.64544    -0.806896   0.000898348 130.426     364.263     
-1.6264     -0.799969   0.00620357  128.781     360.556     
-1.62918    -0.789976   0.00652904  125.229     361.085     
-1.62558    -0.801699   0.00475953  127.108     360.802     
-1.60372    -0.799836   0.0102367   127.779     356.401     
-1.59236    -0.793642   0.0169109   126.276     354.41      
-1.59988    -0.791597   0.0073262   124.637     355.662     
-1.57895    -0.801012   0.00418716  127.768     351.727     
-1.58826    -0.802301   0.00336559  127.465     353.724     
-1.58018    -0.789006   0.0045631   124.813     351.669     
-1.58252    -0.784767   0.0067795   123.969     352.132     
-1.61484    -0.783794   0.00257654  123.032     358.254     
-1.62966    -0.778237   -0.00055148 120.815     360.85      
-1.60091    -0.771015   -0.000133321119.107     355.134     
-1.58213    -0.778814   0.00410347  120.721     352.451     
-1.60308    -0.774903   0.00599249  118.649     356.595     
-1.61444    -0.7705     0.00138225  117.409     358.268     
-1.59931    -0.762291   0.000196652 116.566     355.011     
-1.59029    -0.774836   0.000753565 120.518     353.563     
-1.58798    -0.756561   0.00324794  116.29      352.646     
-1.59074    -0.747367   0.000957469 114.07      352.729     
-1.55417    -0.740191   0.00608186  114.926     345.439     
-1.56302    -0.731888   0.00366647  113.121     346.655     
-1.53398    -0.729845   0.00481335  113.96      340.757     
-1.52887    -0.729364   0.00610603  114.349     339.74      
-1.48106    -0.722438   0.0149431   114.457     330.161     
-1.49929    -0.708176   0.014848    110.696     333.509     
-1.50692    -0.720663   0.00631445  113.889     334.799     
-1.49488    -0.719623   0.0100999   114.926     332.291     
-1.49779    -0.724039   0.0105937   116.735     332.897     
-1.51558    -0.714196   0.00711325  114.602     335.965     
-1.5129     -0.721069   0.00764452  116.582     335.828     
-1.50924    -0.719795   0.0123565   116.37      335.272     
-1.51625    -0.709147   0.0147235   113.231     336.712     
-1.52138    -0.706162   0.0122197   111.976     337.794     
-1.51624    -0.720904   0.0121958   115.501     337.327     
-1.51956    -0.721178   0.0145719   114.728     338.148     
-1.50444    -0.711766   0.0164754   112.324     334.863     
-1.5098     -0.712153   0.012998    111.349     335.93      
-1.49834    -0.720272   0.0132643   112.86      334.236     
-1.49711    -0.715211   0.0162921   110.815     334.112     
-1.51781    -0.704025   0.0101504   106.172     337.896     
-1.49954    -0.710939   0.00715226  107.919     334.694     
-1.4928     -0.720172   0.00935871  110.397     333.821     
-1.48962    -0.70073    0.0121029   105.948     332.714     
-1.48041    -0.706522   0.010452    107.806     331.304     
-1.49614    -0.713117   0.00981566  108.995     334.818     
-1.49655    -0.713876   0.00662599  109.442     334.768     
-1.51898    -0.724061   0.00472215  111.496     339.345     
-1.52233    -0.718267   0.00487956  110.387     339.775     
-1.55154    -0.727592   -1.70046e-05111.954     345.777     
-1.54758    -0.728704   0.000534351 112.597     344.863     
-1.53436    -0.726778   0.00248235  112.396     342.387     
-1.53497    -0.725896   0.00334706  111.788     342.824     
-1.51471    -0.721529   0.00774027  111.471     339.069     
-1.5083     -0.71732    0.00853061  111.117     337.445     
-1.50012    -0.714377   0.00812452  110.792     335.641     
-1.50147    -0.712893   0.00620568  110.115     335.841     
-1.49608    -0.708736   0.00497811  109.371     334.641     
-1.49543    -0.716759   0.00389673  111.282     334.855     
-1.49382    -0.71981    0.00595491  111.867     334.904     
-1.49187    -0.715403   0.00507197  110.904     334.282     
-1.48738    -0.721334   0.006574    112.185     333.847     
-1.49303    -0.720495   0.0060233   111.672     334.973     
-1.48686    -0.713962   0.00418681  110.331     333.374     
-1.47507    -0.711721   0.00436013  110.225     330.978     
-1.49175    -0.71348    0.00443941  110.153     334.418     
-1.47187    -0.705792   0.00407233  109.035     330.407     
-1.47127    -0.708286   0.00474191  109.596     330.369     
-1.47192    -0.705689   0.00326443  109.02      330.248     
-1.44459    -0.701114   0.00568735  109.16      324.582     
-1.43204    -0.696343   0.00714368  108.418     321.999     
-1.44684    -0.704392   0.00498027  109.882     325.061     
-1.4185     -0.698896   0.00552764  109.938     318.831     
-1.40649    -0.689021   0.00894542  108.057     316.345     
-1.42124    -0.701714   0.00714013  110.656     319.812     
-1.40766    -0.700373   0.00796949  111.045     316.89      
-1.40573    -0.690874   0.00832057  109.008     316.24      
-1.42576    -0.705972   0.00515155  111.894     320.698     
-1.4149     -0.692933   0.00340622  109.319     317.784     
-1.40176    -0.691817   0.00580606  109.711     315.403     
-1.4023     -0.694582   0.00486887  110.833     315.525     
-1.39289    -0.679956   0.00404329  107.455     313.05      
-1.3741     -0.674244   0.00642452  106.511     309.219     
-1.38152    -0.673384   0.00693044  105.865     310.875     
-1.36607    -0.670847   0.00665175  105.75      307.724     
-1.3592     -0.669658   0.0082248   105.355     306.536     
-1.35157    -0.660906   0.00772625  103.159     304.705     
-1.34984    -0.65963    0.00630231  102.77      304.361     
-1.33869    -0.660014   0.00693361  103.352     302.242     
-1.33461    -0.653379   0.00481193  101.955     301.252     
-1.3283     -0.650632   0.00535242  101.267     300.128     
-1.31619    -0.645325   0.00760599  100.495     297.71      
-1.30995    -0.652434   0.00559563  102.425     296.431     
-1.30934    -0.648908   0.00697818  101.69      296.257     
-1.30316    -0.651779   0.00677441  102.569     295.165     
-1.28931    -0.645342   0.00752044  101.503     292.227     
-1.27999    -0.6507     0.0088768   103.248     290.563     
-1.28467    -0.642693   0.00803289  101.388     291.136     
-1.26659    -0.652185   0.00824318  104.717     287.644     
-1.26973    -0.643462   0.00708992  102.686     287.884     
-1.23572    -0.643973   0.0110322   104.451     281.015     
-1.22816    -0.641454   0.0104078   104.384     279.248     
-1.22269    -0.643208   0.00712046  105.172     277.868     
-1.21186    -0.630438   0.0090842   102.269     275.234     
-1.21306    -0.642537   0.00918465  104.961     275.932     
-1.20938    -0.64047    0.00975901  104.55      275.11      
-1.19941    -0.635429   0.00858604  103.556     272.886     
-1.17311    -0.638668   0.00860532  105.381     267.578     
-1.16456    -0.633139   0.0137574   104.257     265.833     
-1.16912    -0.63851    0.0109096   104.949     266.902     
-1.16288    -0.630949   0.00994437  102.724     265.27      
-1.13201    -0.627179   0.0123512   102.443     258.972     
-1.1268     -0.635454   0.0103875   104.428     258.123     
-1.11842    -0.6367     0.00915576  104.688     256.259     
-1.11851    -0.614087   0.0119532   101.026     256.12      
-1.13545    -0.58452    0.00857411  94.7105     260.64      
-1.11855    -0.552502   0.0153127   88.1488     259.716     
-1.15462    -0.523438   0.0137125   80.3584     271.113     
-1.19426    -0.490731   0.00532979  70.9796     283.9       
-1.17567    -0.442453   0.0122756   59.782      291.85      
-1.20373    -0.430273   0.00467323  56.2782     304.575     
-1.28541    -0.414691   -0.00304167 50.7309     337.344     
-1.27483    -0.388416   0.00130526  45.3287     341.393     
-1.28455    -0.359062   0.00359752  38.0234     350.618     
-1.29833    -0.319424   0.00351957  26.9058     369.687     
-1.29917    -0.299352   0.0091526   20.6324     379.48      
-1.30838    -0.282794   0.00596939  15.0971     390.825     
-1.28017    -0.254352   0.00743585  7.16061     401.852     
-1.25039    -0.234323   0.0114849   1.56855     402.954     
-1.23408    -0.21441    0.015767    -4.82289    409.028     
-1.17434    -0.203206   0.0159612   -2.90371    423.749     
-1.18944    -0.145954   0.0127664   -25.9203    453.123     
-1.1881     -0.152667   0.0102672   -23.9167    467.122     
-1.13339    -0.150919   0.00252555  -22.666     459.625     
