4.409378
4.340573
4.280883
4.227342
4.178480
4.139204
4.104789
4.097182
4.055781
4.067316
3.752298
3.693693
3.700129
3.690186
3.692227
3.700873
3.722947
3.737607
3.697911
3.635187
3.575615
3.544248
3.541015
3.535245
3.544153
3.593244
3.642124
3.666173
3.692721
3.719782
3.738424
3.739869
3.694409
3.659628
3.630203
3.583803
3.585361
3.556585
3.516294
3.442061
3.343802
3.252867
3.118495
2.969023
2.838866
2.700968
2.584402
2.379767
2.333640
2.300477
2.318415
2.343814
2.369339
2.384130
2.418968
2.434770
2.441631
2.402183
2.342587
2.299212
2.260345
2.244537
2.215701
2.197688
2.170626
2.149159
2.151634
2.122996
2.120495
2.111511
2.092624
2.092943
2.088959
2.087150
2.092718
2.092569
2.081237
2.086831
2.084800
2.075973
2.093940
2.089401
2.081855
2.084344
2.071394
2.075937
2.069549
2.079502
2.076143
2.059493
2.052498
2.032114
2.022634
2.019133
2.013630
1.999947
2.002935
2.001719
1.998579
2.012491
2.025752
2.018128
2.014377
2.031904
2.055218
2.049299
2.055587
2.077770
2.072574
2.088018
2.123875
2.160127
2.205918
2.233356
2.285140
2.326314
2.363145
2.405455
2.439220
2.473050
2.517402
2.537986
2.562936
2.601024
2.632777
2.649028
2.674312
2.692791
2.712767
2.734094
2.759466
2.786772
2.799031
2.818763
2.837739
2.851524
2.860748
2.863030
2.869904
2.874690
2.871016
2.882476
2.884344
2.884714
2.881070
2.867926
2.848156
2.840149
2.823172
2.808071
2.796953
2.771952
2.757638
2.730791
2.703080
2.670147
2.615686
2.553335
2.491554
2.429262
2.369302
2.311462
2.244953
2.156523
2.069953
1.980409
1.886738
1.788926
1.708109
1.648201
1.571608
1.501857
1.439170
1.372930
1.314957
1.277283
1.239921
1.218364
1.230132
1.231987
1.268271
1.296159
1.344267
1.383317
1.463808
1.550111
1.635242
1.742387
1.841672
1.964350
2.108822
2.234465
2.360701
2.482654
2.601678
